565 566
565 564
566 567
566 561
1481 1482
1481 1479
1481 1483
2613 2614
2613 2612
2613 2608
2614 2619
2614 2615
1691 1692
1691 1693
1691 1687
1891 1892
1891 1890
1892 1897
1892 1893
2403 2404
2403 2422
2403 2402
2404 2410
2404 2405
2684 2685
2684 2692
2685 2686
3196 3197
3196 3195
3197 3198
1479 1480
1479 1478
1480 1475
2503 2504
2503 2502
2503 2508
2504 2505
2599 2600
2599 2604
2599 2594
2600 2601
1058 1064
1058 1057
1058 1059
1064 1065
1064 1063
529 530
529 528
530 521
530 531
801 802
801 800
802 803
802 806
1245 1246
1245 1258
1245 1244
1246 1247
1246 1252
1408 1413
1408 1409
1408 1407
1413 1412
1517 1518
1517 1522
1518 1519
2577 2578
2577 2576
2577 2572
2578 2579
2578 2580
2849 2850
2849 2848
2849 2851
2850 2845
3293 3294
3293 3292
3293 3298
3294 3289
3294 3295
734 735
734 733
734 739
735 736
335 336
335 337
335 333
1695 1696
1695 1694
1696 1705
1696 1697
2383 2384
2383 2382
2384 2385
1018 1024
1018 1019
1018 1017
1024 1026
1024 1025
2231 2236
2231 2232
2231 2230
2236 2237
2236 2235
2704 2715
2704 2705
2704 2703
2715 2716
2715 2717
467 468
467 466
467 472
468 463
468 469
691 692
691 690
692 693
1579 1580
1580 1582
1580 1581
2515 2516
2515 2514
2516 2517
2516 2511
681 683
681 682
681 678
792 793
792 797
792 791
793 794
930 931
930 929
931 932
161 163
161 162
161 160
163 164
163 165
1442 1443
1442 1441
1442 1444
1443 1434
2978 2979
2978 2964
2978 2980
1655 1661
1655 1654
1655 1656
1661 1660
1661 1662
540 541
540 539
541 542
1646 1651
1646 1631
1646 1647
1828 1829
1828 1834
1828 1827
1829 1824
1829 1830
2852 2853
2852 2851
2853 2854
1640 1641
1640 1639
1640 1635
1641 1642
715 721
715 714
715 716
721 722
2664 2665
2664 2663
2665 2666
2665 2669
753 754
753 752
753 748
754 755
754 745
2223 2228
2223 2224
2228 2227
3213 3214
3213 3212
3214 3215
3214 3223
3341 3342
3341 3340
3342 3343
1130 1131
1130 1129
1131 1132
618 619
618 613
618 620
2102 2103
2102 2101
2103 2104
2103 2098
2802 2803
2802 2801
2802 2807
2803 2804
2803 2798
32 33
32 37
32 31
33 38
33 34
528 527
528 534
800 799
2576 2575
2848 2858
2848 2847
3107 3112
3107 3106
3107 3108
3112 3113
3112 3111
1716 1717
1716 1715
1717 1729
1717 1718
2514 2518
2514 2513
2518 2520
2518 2519
718 719
718 717
718 720
1346 1347
1346 1345
1347 1348
1347 1352
1550 1551
1550 1559
1550 1549
1551 1552
1551 1546
522 527
522 523
522 521
527 526
1729 1731
1729 1730
2288 2290
2288 2279
2288 2289
2759 2764
2759 2760
2764 2765
2764 2763
324 325
324 323
325 326
325 320
621 626
621 622
626 627
626 625
2372 2373
2372 2377
2373 2374
1845 1862
1845 1844
1845 1846
1862 1864
1862 1863
2639 2644
2639 2638
2639 2640
2644 2645
2644 2643
139 143
139 138
139 140
143 142
143 144
56 59
56 55
56 57
59 60
59 61
806 808
806 807
2094 2096
2094 2095
2094 2091
779 780
779 778
780 781
780 787
1790 1795
1790 1791
1790 1789
1795 1796
1795 1794
290 295
290 291
295 294
40 42
40 41
40 38
3311 3312
3311 3310
3311 3319
3312 3316
3312 3313
2122 2129
2122 2121
2122 2123
2129 2130
2129 2134
102 103
102 107
102 101
103 104
1762 1763
1762 1767
1762 1761
1763 1765
1763 1764
2150 2151
2150 2149
2150 2141
2151 2152
2993 2997
2993 2994
2993 2992
2997 2999
2997 2998
1067 1069
1067 1066
1067 1068
1069 1070
2284 2286
2284 2285
2284 2283
2286 2287
2356 2358
2356 2357
2356 2350
1213 1214
1213 1217
1213 1212
1214 1216
1214 1215
1585 1586
1585 1584
1585 1588
1586 1587
2237 2238
2238 2239
2609 2610
2609 2608
2610 2623
2610 2611
2881 2882
2881 2883
2881 2880
2882 2877
594 595
594 597
594 596
594 592
1162 1163
1162 1161
1163 1164
1163 1165
1362 1363
1362 1357
1362 1361
1363 1368
1363 1364
1930 1931
1930 1929
1931 1932
2642 2643
2642 2641
2642 2649
2643 2648
69 71
69 65
69 70
1620 1621
1620 1619
1621 1616
1621 1622
2645 2646
2645 2647
3177 3178
3178 3179
3178 3182
1016 1017
1016 1015
1848 1849
1848 1847
1848 1850
2872 2873
2872 2871
2873 2874
2873 2892
2654 2668
2654 2653
2654 2655
2668 2667
3299 3300
3299 3298
3300 3301
1338 1339
1338 1337
1339 1340
1654 1670
1654 1653
1670 1669
3231 3232
3231 3234
3231 3230
3232 3233
1097 1098
1097 1102
1098 1099
263 268
263 264
263 261
268 267
268 269
1683 1688
1683 1684
1683 1682
1688 1689
1688 1687
1865 1866
1865 1867
1865 1843
764 765
764 770
764 763
765 766
765 767
1596 1597
1596 1595
1597 1598
1973 1974
1973 1972
1974 1975
2121 2120
2229 2230
2229 2227
473 475
473 466
473 474
2812 2813
2812 2811
2813 2814
2813 2818
1624 1626
1624 1625
1624 1618
225 226
226 234
226 227
353 354
353 355
353 350
722 723
722 727
849 850
849 851
849 842
1197 1198
1197 1196
1198 1193
1325 1326
1325 1324
1326 1327
1821 1822
1821 1830
1821 1820
1822 1823
2273 2274
2273 2272
2274 2275
2274 2283
1534 1535
1534 1520
1534 1533
1535 1536
2046 2047
2046 2045
2047 2048
752 757
752 751
1584 1583
1508 1513
1508 1509
1508 1507
1513 1512
1497 1503
1497 1496
1497 1498
1503 1504
1503 1505
1681 1690
1681 1682
1681 1680
1690 1689
79 88
79 80
79 78
88 87
558 559
558 552
558 560
1227 1236
1227 1228
1227 1226
1236 1235
1236 1237
643 644
643 642
644 645
1411 1412
1411 1414
1411 1410
2204 2205
2204 2202
2204 2209
2205 2206
2972 2973
2972 2971
2972 2977
2973 2968
2973 2974
425 434
425 426
425 424
434 433
434 435
1000 1001
1000 999
1001 1002
1512 1511
2856 2857
2856 2855
2856 2851
2857 2862
2857 2858
3368 3369
3368 3363
3368 3370
1409 1410
2686 2687
2686 2690
3180 3186
3180 3179
3180 3181
3186 3185
3186 3187
1912 1921
1912 1913
1912 1911
1921 1920
1921 1922
810 811
810 809
811 812
1526 1527
1526 1525
1527 1528
2858 2859
2859 2860
2859 2865
1168 1169
1168 1173
1169 1170
2192 2193
2192 2187
2192 2191
2193 2194
1495 1500
1495 1496
1495 1494
1500 1501
1500 1499
1699 1704
1699 1700
1699 1698
1704 1703
1704 1705
748 749
748 746
749 750
820 821
820 819
821 822
821 826
2796 2797
2796 2795
2797 2798
2492 2494
2492 2491
2492 2493
2868 2869
2868 2854
2868 2870
2769 2770
2769 2768
2770 2761
2928 2929
2928 2927
2928 2919
2929 2931
2929 2930
142 141
1358 1359
1358 1357
1359 1372
1359 1360
2382 2387
2382 2380
2952 2955
2952 2953
2952 2951
2955 2956
2955 2957
3215 3216
649 650
649 648
649 651
885 886
885 883
885 887
1107 1112
1107 1106
1107 1108
1112 1111
1161 1160
1397 1398
1397 1395
1397 1399
2648 2647
2697 2698
2697 2696
2698 2699
2933 2934
2933 2935
2933 2925
3209 3210
3209 3192
3209 3211
969 974
969 970
969 968
974 973
974 975
1639 1638
1639 1643
2439 2440
2439 2441
2439 2434
2663 2662
790 799
790 791
799 798
1055 1060
1055 1056
1060 1059
3103 3108
3103 3102
3103 3104
3108 3109
1914 1924
1914 1915
1914 1913
1924 1926
1924 1925
446 447
446 445
446 448
542 543
542 551
543 544
543 545
1438 1439
1438 1437
1439 1440
38 39
640 641
640 639
641 642
641 646
1152 1153
1152 1151
1153 1154
1153 1148
1171 1177
1171 1172
1171 1170
1177 1176
1177 1178
2688 2689
2688 2687
2689 2690
1765 1766
3200 3201
3200 3198
3200 3205
3201 3202
403 404
403 402
404 417
404 405
1643 1644
1643 1645
2451 2452
2451 2453
2451 2450
2926 2932
2926 2925
2926 2927
2932 2931
984 985
984 983
985 980
985 986
2425 2430
2425 2424
2425 2426
2430 2431
2430 2429
3301 3302
3302 3303
3302 3297
2022 2023
2022 2021
2022 2028
2023 2024
2023 2025
1652 1657
1652 1653
1657 1656
1467 1468
1467 1466
1468 1469
1468 1477
2020 2021
2020 2019
2021 2040
2491 2490
2491 2486
1140 1142
1140 1141
1140 1139
1142 1144
1142 1143
2627 2628
2627 2626
2627 2632
2628 2629
3044 3045
3044 3049
3045 3046
648 647
648 639
2696 2701
193 194
193 192
194 195
689 690
689 688
1440 1445
1440 1441
1445 1446
1445 1444
18 19
18 17
19 24
19 20
1746 1747
1746 1745
1747 1738
2258 2259
2258 2254
2258 2260
2566 2568
2566 2567
2566 2550
992 993
992 997
993 994
592 593
592 591
2144 2145
2144 2163
2144 2143
2145 2146
2145 2160
2640 2641
153 154
153 158
153 152
154 156
154 155
869 870
869 864
869 871
2692 2691
3225 3226
3225 3212
3225 3224
3226 3227
3092 3093
3092 3090
3092 3094
456 470
456 457
456 455
470 471
470 469
184 185
184 183
185 190
185 186
1431 1432
1431 1427
1431 1433
2424 2423
250 251
250 249
250 252
251 238
2426 2427
2427 2428
2427 2442
2072 2078
2072 2071
2072 2073
2078 2080
2078 2079
188 189
188 200
188 187
189 190
189 198
956 957
956 954
956 958
2558 2564
2558 2557
2558 2559
3004 3005
3004 3003
3005 3010
3005 3006
1520 1519
1520 1521
3126 3127
3126 3125
3127 3128
3127 3130
0 5
0 1
5 4
145 146
145 144
145 137
146 148
146 147
417 418
417 416
418 419
418 407
605 606
605 607
605 603
877 878
877 876
878 879
3181 3182
3181 3183
3217 3218
3217 3222
3217 3216
3218 3237
3218 3219
1011 1027
1011 1012
1011 1010
1027 1028
1027 1029
1150 1151
1150 1160
1150 1149
1151 1157
2174 2175
2174 2173
2175 2170
2175 2176
1754 1756
1754 1755
1754 1735
1119 1120
1119 1118
1119 1114
1120 1122
1120 1121
911 912
911 913
911 891
176 177
176 175
177 178
1392 1393
1392 1391
1393 1394
567 572
567 568
572 571
572 573
2224 2225
2225 2226
2959 2960
2959 2961
2959 2958
3167 3168
3167 3166
3167 3173
3168 3169
3168 3170
971 972
971 970
971 977
972 973
972 976
1619 1618
1963 1964
1963 1965
1963 1962
2131 2132
2131 2130
2132 2138
2132 2133
2473 2475
2473 2474
2473 2462
2611 2612
3123 3124
3123 3128
3124 3144
3124 3125
247 248
247 253
247 246
248 243
248 249
1015 1014
1015 1020
1593 1598
1593 1594
1593 1592
1598 1599
3319 3320
3319 3321
267 272
267 266
272 271
272 273
914 927
914 915
927 926
2458 2459
2458 2457
2458 2467
2459 2460
3106 3105
961 975
961 960
961 962
980 981
980 979
1899 1901
1899 1900
1899 1898
1901 1906
1901 1902
2195 2197
2195 2196
2195 2190
2949 2950
2949 2947
2949 2954
2950 2945
2950 2951
548 549
548 547
549 550
549 554
1796 1798
1796 1797
2596 2597
2596 2595
2596 2598
2597 2592
1748 1750
1748 1749
1748 1744
73 82
73 74
82 83
82 81
3109 3111
3109 3110
3193 3194
3193 3192
3194 3195
168 169
168 167
169 175
169 170
1421 1422
1421 1420
1421 1423
1422 1417
64 72
64 65
64 63
2445 2446
2445 2450
2446 2447
2673 2674
2673 2677
2673 2672
2674 2675
3135 3140
3135 3134
3135 3136
3140 3142
3140 3141
362 363
362 361
362 364
1206 1207
1206 1204
1206 1211
1207 1208
1334 1335
1334 1343
1335 1336
2282 2283
2282 2277
2282 2281
239 240
239 238
240 249
240 241
2410 2411
2411 2412
2411 2416
3254 3255
3254 3253
3255 3260
3255 3256
1859 1861
1859 1860
1859 1852
1160 1159
172 173
172 170
173 174
173 180
940 941
940 945
941 942
3244 3245
3244 3243
3245 3240
3245 3246
3289 3290
3289 3288
2655 2656
2655 2661
2656 2657
2880 2886
2880 2879
2886 2888
2886 2887
2502 2501
2946 2947
2946 2945
2946 2941
2947 2948
3270 3284
3270 3269
3270 3271
3284 3286
3284 3285
493 498
493 494
498 497
498 499
1988 1989
1988 1987
1988 1990
231 232
231 230
232 227
232 233
999 998
999 1004
838 847
838 837
838 839
847 846
847 848
65 66
209 214
209 207
209 210
214 213
214 215
960 959
3136 3137
3136 3139
3137 3132
3137 3138
1444 1449
1449 1448
235 236
235 237
235 229
787 788
787 789
1523 1524
1523 1521
1524 1525
1524 1533
1547 1548
1547 1546
1548 1549
2571 2572
2571 2570
2572 2573
622 623
623 630
623 624
1103 1105
1103 1102
1103 1104
1506 1507
2530 2531
2530 2529
2530 2532
2531 2522
3290 3291
3290 3306
3291 3292
1331 1333
1331 1321
1331 1332
457 458
457 459
916 925
916 915
916 917
925 926
925 924
1824 1823
1824 1825
982 983
982 981
1354 1355
1354 1349
1354 1356
1426 1427
1426 1425
1427 1428
1814 1815
1814 1813
1814 1816
1815 1810
3030 3031
3030 3029
3030 3040
3031 3032
3031 3033
1284 1289
1284 1283
1284 1285
1289 1288
1289 1290
3161 3162
3161 3163
3161 3160
3162 3157
332 333
332 331
333 334
200 202
200 201
2004 2005
2004 2003
2004 1991
2005 2006
2380 2381
2380 2379
215 216
215 206
216 217
1047 1048
1047 1052
1047 1046
1048 1032
1048 1049
2263 2264
2263 2262
2263 2269
2264 2268
2264 2265
714 723
714 713
723 724
3032 3027
3095 3096
3095 3097
3095 3089
442 443
442 452
442 441
443 449
443 444
2490 2489
2490 2495
2895 2896
2895 2904
2896 2897
894 903
894 893
894 895
903 902
903 904
125 127
125 126
125 124
127 128
219 220
219 217
219 221
291 292
292 293
1563 1564
1563 1568
1564 1565
2019 2024
2075 2076
2075 2077
2075 2074
1240 1242
1240 1241
1240 1231
429 430
429 428
429 431
1617 1618
1617 1607
1617 1616
2477 2478
2477 2476
2478 2479
2889 2890
2889 2874
2889 2891
2542 2544
2542 2543
2542 2541
207 208
207 206
208 203
479 480
479 478
479 485
480 481
1552 1553
1552 1558
2255 2256
2255 2257
2255 2254
2256 2251
2527 2528
2527 2526
2528 2529
2528 2535
2658 2660
2658 2659
2658 2657
17 26
26 25
190 191
920 921
920 937
920 919
921 922
2968 2969
2968 2967
2969 2970
3228 3233
3228 3227
3228 3229
1958 1959
1958 1953
1958 1957
1959 1950
1959 1960
742 747
742 743
747 746
1956 1957
1956 1955
1957 1962
1955 1969
1955 1954
1969 1971
1969 1970
1281 1299
1281 1282
1281 1280
1299 1300
1299 1301
1656 1658
1658 1659
1 2
2 3
2168 2170
2168 2169
2168 2167
2170 2171
118 119
118 117
118 120
426 427
426 432
427 428
3190 3191
3190 3195
3191 3192
928 929
928 926
928 933
929 923
2976 2977
2976 2975
756 757
756 755
756 758
1588 1589
1588 1590
2804 2805
2805 2806
2153 2157
2153 2152
2153 2154
2157 2159
2157 2158
258 259
258 257
259 260
590 591
590 585
590 589
1474 1475
1474 1487
1474 1473
1475 1476
2306 2307
2306 2301
2306 2305
2307 2293
2638 2637
265 266
265 264
266 276
1962 1961
1455 1462
1455 1456
1455 1454
1462 1464
1462 1463
1034 1046
1034 1035
1034 1033
3352 3354
3352 3353
3352 3350
1419 1420
1419 1418
1420 1430
2675 2676
2676 2681
2676 2677
3187 3188
3187 3189
55 54
55 46
951 952
951 942
951 950
952 953
3128 3129
203 204
2251 2250
2251 2252
2101 2107
2101 2100
2107 2108
2287 2281
1247 1249
1247 1248
1249 1251
1249 1250
3170 3171
3171 3172
3295 3297
3295 3296
3297 3298
476 477
476 481
477 478
827 828
827 829
827 825
1132 1134
1132 1133
1134 1135
1204 1205
1204 1203
1987 1982
1987 1986
2108 2109
2524 2525
2524 2523
2524 2529
2525 2526
1258 1257
1544 1545
1544 1543
1545 1554
1545 1546
1085 1086
1085 1080
1085 1084
1086 1088
1086 1087
1985 1986
1985 1984
3009 3010
3009 3008
2279 2280
2279 2278
150 151
150 149
150 155
151 152
1035 1036
1490 1491
1490 1502
1491 1492
2198 2199
2198 2203
2199 2200
47 48
47 49
47 46
48 43
2784 2785
2784 2779
2784 2783
2785 2786
3082 3083
3082 3098
3082 3081
3083 3084
485 486
486 487
486 491
1264 1275
1264 1265
1264 1263
1275 1273
1976 1977
1976 1975
1976 1978
1977 1972
3000 3001
3000 2984
3000 3002
3169 3159
2406 2409
2406 2405
2406 2407
1117 1123
1117 1116
1117 1118
2241 2243
2241 2242
2241 2234
1993 1994
1993 1992
1993 2002
1994 1995
3017 3018
3017 3023
3017 3016
3018 3019
411 412
411 410
412 413
892 893
892 891
1265 1271
1265 1266
1271 1272
1271 1273
1635 1636
1635 1634
1636 1637
1636 1627
2460 2461
2940 2941
2940 2939
2941 2942
3247 3248
3247 3243
3247 3249
478 487
1569 1570
1569 1567
1569 1574
1570 1571
624 625
624 628
645 646
646 647
773 774
773 775
773 772
774 769
1273 1274
1401 1402
1402 1403
1402 1407
43 44
44 45
812 794
1235 1234
1235 1230
1525 1530
1530 1531
1530 1529
1896 1902
1896 1895
1896 1897
1902 1903
2003 2002
2003 2008
2091 2092
2091 2090
2092 2093
2860 2861
1560 1561
1560 1558
1560 1562
3316 3318
3316 3317
1186 1187
1186 1185
1186 1193
1187 1188
2210 2211
2210 2209
2210 2201
2211 2217
2211 2212
3098 3099
3098 3100
1395 1394
1395 1396
1675 1677
1675 1674
1675 1676
1677 1682
1677 1678
293 302
293 294
3020 3022
3020 3021
3020 3019
1145 1147
1145 1146
1145 1127
2984 2985
2984 2983
2985 2986
653 654
653 652
654 655
781 782
782 783
1266 1267
1616 1615
3313 3314
3314 3309
3314 3315
2486 2487
2486 2485
2487 2488
2487 2482
3101 3110
3101 3102
599 604
599 598
599 600
604 603
1571 1576
1571 1572
1576 1578
1576 1577
876 875
1388 1389
1388 1387
1388 1400
1389 1391
1389 1390
2924 2925
2924 2923
2045 2051
2045 2044
2051 2052
2051 2053
14 15
14 12
14 16
783 778
783 784
2062 2063
2062 2061
2062 2064
2063 2054
510 512
510 511
510 508
1328 1330
1328 1329
1328 1327
1769 1770
1769 1768
1770 1772
1770 1771
1897 1898
1898 1889
1906 1905
1200 1205
1200 1201
2143 2148
2143 2142
2148 2147
2148 2149
3242 3250
3242 3243
3242 3241
1190 1192
1190 1191
1190 1188
570 576
570 569
570 571
576 578
576 577
453 454
453 458
454 455
569 568
1291 1292
1291 1290
1291 1282
1292 1293
3157 3158
2602 2603
2602 2605
2602 2601
2603 2604
3240 3241
1582 1583
1582 1587
1554 1553
1554 1555
66 67
445 440
445 444
817 818
817 816
817 822
818 813
818 819
2765 2766
2765 2767
3277 3278
3277 3281
3277 3276
3278 3273
3278 3279
381 390
381 382
381 380
390 391
390 389
1106 1100
1674 1673
1674 1684
1874 1875
1874 1873
1875 1876
1875 1884
257 262
262 261
2699 2708
2699 2700
2898 2899
2898 2897
2899 2900
2899 2914
1369 1370
1369 1366
1369 1371
1701 1702
1701 1700
1702 1703
1830 1831
2265 2266
2266 2261
2266 2267
84 85
84 83
85 86
85 89
852 853
852 857
853 854
2393 2394
2393 2392
2394 2395
2394 2399
2725 2726
2725 2728
2725 2724
2726 2721
2726 2727
2854 2855
57 58
539 544
1324 1329
1324 1322
2783 2787
2783 2782
1082 1083
1082 1081
1082 1094
1083 1084
329 330
329 328
329 334
330 322
330 331
437 438
437 436
437 439
438 433
553 554
553 555
553 552
1321 1322
1321 1320
1322 1323
739 740
739 741
2109 2100
2773 2774
2773 2772
2773 2778
2774 2788
2774 2775
3355 3356
3355 3367
3356 3357
1233 1234
1233 1232
1234 1239
1361 1360
1709 1710
1709 1708
1709 1703
1710 1712
1710 1711
1837 1838
1837 1836
1838 1833
2385 2386
2385 2388
2386 2387
2733 2734
2733 2744
2734 2735
2861 2862
2862 2863
816 815
816 831
3056 3057
3056 3046
3056 3061
3057 3058
323 328
323 322
1391 1396
2669 2671
2669 2670
2187 2188
2187 2186
678 679
678 677
679 680
2990 2991
2990 2989
2990 2981
2991 2992
2987 2996
2987 2988
2987 2986
2996 2995
3041 3043
3041 3042
3041 3038
123 124
123 122
124 129
413 396
413 414
891 890
2171 2172
2172 2173
2461 2466
2461 2462
2939 2948
3203 3204
3203 3206
3203 3202
3204 3205
1256 1257
1256 1255
1257 1252
2088 2089
2088 2093
2088 2086
2089 2090
655 658
655 656
658 659
178 179
179 174
2226 2227
2226 2232
111 112
111 104
111 116
112 113
383 384
383 382
384 389
384 385
2720 2721
2720 2732
2720 2719
2721 2722
1559 1558
2007 2012
2007 2006
2007 2008
2012 2013
2012 2011
45 46
2285 2272
391 392
1537 1539
1537 1538
1537 1536
2855 2864
880 882
880 881
880 879
1929 1928
1929 1938
2165 2166
2165 2164
2166 2167
2953 2954
900 901
900 908
900 899
901 896
901 902
1453 1458
1453 1454
1458 1457
2964 2965
2964 2963
104 105
2335 2340
2335 2334
2335 2336
2340 2339
2340 2341
1950 1951
1950 1949
1951 1952
1951 1953
2965 2974
2965 2966
2974 2975
666 668
666 667
666 663
1920 1919
1920 1915
2944 2945
2944 2943
837 836
1209 1210
1209 1208
1210 1215
1210 1211
3257 3258
3257 3256
3258 3259
107 108
107 106
108 110
108 109
875 874
875 883
1172 1174
1172 1173
1939 1940
1939 1941
1939 1938
1940 1927
1372 1374
1372 1373
2155 2156
2155 2154
2156 2147
2744 2743
2923 2936
2923 2922
3219 3220
3220 3221
2556 2561
2556 2555
2556 2557
2561 2562
2561 2560
1766 1767
1766 1771
1767 1768
2485 2484
3306 3308
3306 3307
937 939
937 938
2164 2169
228 229
228 227
229 230
835 836
835 848
1348 1349
1628 1629
1628 1627
1629 1634
1629 1630
2747 2748
2747 2746
2747 2752
2748 2749
3259 3260
3259 3262
3260 3261
1928 1927
845 846
845 840
845 844
1201 1202
1202 1203
1942 1943
1942 1941
1942 1936
2314 2315
2314 2313
2315 2316
2315 2317
1632 1633
1632 1631
1633 1642
1633 1634
1777 1782
1777 1776
1777 1778
1782 1783
1782 1781
1637 1638
2149 2154
2457 2456
405 420
405 406
1804 1805
1804 1803
1805 1810
1805 1806
87 86
2135 2136
2135 2137
2135 2134
1947 1952
1947 1948
1915 1916
341 342
341 340
342 344
342 343
713 712
822 823
1705 1706
1706 1708
1706 1707
932 933
1469 1471
1469 1470
2761 2762
2761 2760
2762 2763
2762 2768
3163 3164
3163 3165
3262 3263
3262 3264
1223 1224
1223 1237
1223 1222
1224 1226
1224 1225
1351 1352
1351 1350
1352 1353
1831 1832
1831 1833
1832 1819
1185 1184
1953 1954
2141 2142
396 397
2247 2248
2247 2246
2248 2249
2413 2414
2413 2412
2414 2421
2414 2415
2449 2450
2449 2448
382 376
2186 2194
2186 2185
2816 2817
2816 2830
2816 2815
2817 2826
2817 2818
80 75
80 81
389 388
633 634
633 632
633 635
634 629
1228 1229
339 340
339 338
340 347
3275 3276
3275 3274
1783 1784
1783 1785
1784 1775
2551 2552
2551 2565
2551 2550
2552 2553
1803 1808
1808 1807
546 547
546 545
2594 2595
2594 2593
2326 2328
2326 2324
2326 2327
796 797
796 805
796 795
797 798
1349 1350
2892 2894
2892 2893
377 379
377 376
377 378
379 380
2297 2299
2297 2298
2297 2295
3346 3351
3346 3347
3346 3345
3351 3350
864 865
864 863
1009 1010
1009 1014
1521 1522
2573 2574
2574 2575
3085 3086
3085 3084
3085 3080
3086 3087
3086 3091
1718 1719
1718 1726
1719 1720
1846 1847
1846 1851
1847 1842
49 54
49 50
54 53
2559 2560
2559 2563
3223 3222
3223 3224
1141 1137
2476 2481
2897 2902
1996 2001
1996 1997
1996 1995
2001 2000
2001 2002
130 131
130 129
131 132
518 519
518 517
519 520
519 532
1734 1735
1734 1733
1734 1739
1735 1736
2480 2481
2480 2482
2480 2479
551 552
551 550
2581 2582
2581 2586
2582 2583
2983 2988
2983 2982
2988 2989
195 199
195 196
196 197
196 191
197 198
2244 2245
2245 2246
2245 2250
3309 3310
520 521
1511 1510
1511 1514
2909 2910
2909 2908
2910 2901
2605 2606
2605 2607
3114 3117
3114 3113
3114 3115
3117 3118
3117 3119
1032 1033
1032 1031
934 936
934 922
934 935
1873 1878
1873 1872
1878 1879
1878 1877
2323 2329
2323 2324
2323 2322
2329 2330
2329 2331
3059 3065
3059 3060
3059 3058
3065 3066
3065 3067
872 884
872 873
884 883
1895 1907
1895 1894
1907 1908
1907 1909
3072 3076
3072 3071
3072 3073
3076 3075
3076 3068
2961 2962
2906 2911
2906 2905
2906 2907
2911 2912
2911 2913
166 171
166 167
171 170
1810 1811
2632 2633
2632 2631
2633 2625
22 23
22 21
23 24
2070 2071
2070 2069
2071 2081
134 136
134 135
134 132
3206 3208
3206 3207
601 602
601 600
602 603
1446 1447
1446 1450
2649 2650
2649 2651
588 589
588 587
588 598
2772 2771
2966 2967
279 280
279 284
280 281
943 949
943 944
943 942
949 950
1751 1752
1751 1753
1751 1737
2865 2867
2865 2866
3267 3268
3267 3266
3267 3272
3268 3269
1020 1021
1020 1019
1021 1023
1021 1022
1852 1853
1852 1851
1853 1854
347 352
347 348
2702 2707
2702 2700
2702 2703
2707 2706
2707 2708
3068 3069
3069 3070
217 218
1880 1882
1880 1881
1880 1879
1882 1883
1070 1071
1949 1948
2146 2147
3166 3160
271 270
736 737
1487 1488
1487 1489
1567 1568
1567 1566
2511 2512
2512 2513
1381 1383
1381 1379
1381 1382
3343 3344
3344 3345
2904 2903
2904 2905
686 687
686 695
686 685
687 688
814 815
814 813
814 832
1574 1575
1574 1573
1575 1566
3281 3283
3281 3282
1276 1285
1276 1277
1285 1286
712 717
717 716
840 839
840 841
276 278
276 277
2324 2325
766 761
1282 1283
2814 2815
3271 3280
3271 3272
3280 3279
1194 1195
1194 1193
1195 1196
2163 2162
432 433
1165 1167
1165 1166
3077 3079
3077 3070
3077 3078
1004 1005
1004 1003
1005 995
3016 3026
3016 3015
1794 1799
1794 1793
2207 2208
2207 2206
2208 2213
2208 2209
1715 1720
1715 1714
1720 1721
466 465
322 321
3033 3034
1159 1157
1159 1164
2919 2920
2919 2918
2920 2921
536 538
536 537
536 535
191 192
670 671
670 669
671 672
798 803
1310 1311
1310 1309
1310 1305
1311 1312
3221 3230
3221 3222
3230 3229
2138 2140
2138 2139
121 126
121 120
121 122
1591 1592
1592 1603
2488 2479
2488 2489
129 128
2652 2657
2652 2653
2735 2739
2735 2736
2739 2738
516 533
516 517
533 532
494 495
495 505
495 496
610 611
610 609
611 616
611 612
1514 1516
1514 1515
2543 2538
1244 1243
1595 1594
2013 2014
2013 2015
2499 2500
2499 2507
2499 2498
2500 2501
3089 3090
3089 3088
1288 1296
1288 1287
2824 2825
2824 2819
2824 2823
2825 2826
3336 3337
3336 3335
3337 3338
3337 3347
945 946
945 944
946 948
946 947
1184 1189
1189 1188
1457 1456
1457 1459
1100 1099
1100 1101
2431 2436
2431 2432
2436 2435
2436 2437
2637 2646
3149 3150
3149 3148
3150 3145
3150 3151
3148 3154
3148 3147
3154 3155
2570 2569
25 24
25 27
794 795
1253 1254
1253 1252
1254 1255
1604 1609
1604 1605
1609 1608
524 525
524 523
525 526
669 674
674 673
2073 2074
2074 2069
2116 2118
2116 2117
2116 2115
2708 2709
2709 2710
2836 2837
2836 2831
2836 2835
2837 2838
2837 2839
663 664
663 662
664 665
1175 1176
1175 1174
1175 1181
2903 2908
2903 2902
2583 2591
2583 2584
2550 2549
1856 1858
1856 1857
1856 1854
573 575
573 574
867 868
867 862
867 866
868 854
1379 1380
1379 1378
1380 1375
1660 1659
1660 1665
2706 2711
2706 2705
3334 3339
3334 3335
3339 3338
1447 1448
2631 2630
2507 2506
733 732
896 897
896 895
3090 3091
3361 3362
3361 3360
3362 3363
672 675
672 673
2160 2161
2161 2162
2871 2876
2876 2875
2876 2877
3111 3116
435 436
587 600
587 586
2347 2348
2347 2352
2348 2349
2771 2780
2217 2219
2217 2218
281 289
281 282
2795 2800
2795 2794
2800 2799
419 414
419 410
2629 2634
2629 2630
2634 2636
2634 2635
3075 3074
2681 2683
2681 2682
1128 1129
1128 1127
1129 1125
2808 2810
2808 2809
2808 2806
2540 2546
2540 2539
2540 2541
2546 2548
2546 2547
106 105
730 738
730 729
730 731
738 737
1078 1079
1078 1087
1079 1080
273 275
273 274
1778 1779
1779 1780
1910 1923
1910 1911
1923 1922
919 924
919 918
924 923
1255 1259
1259 1260
1259 1261
2823 2827
2823 2822
2827 2828
2827 2829
3144 3133
699 704
699 700
704 703
2043 2048
2043 2044
2048 2049
462 463
462 461
463 464
1294 1295
1294 1293
1295 1290
2277 2276
2277 2278
702 708
702 701
702 703
708 709
708 707
2750 2756
2750 2749
2750 2751
2756 2758
2756 2757
1966 1968
1966 1967
1966 1961
81 86
1221 1222
1221 1220
2874 2875
1003 1002
1043 1044
1043 1045
1043 1042
879 874
2275 2276
2662 2661
2662 2667
2738 2740
2738 2737
2740 2742
2740 2741
2927 2922
1037 1042
1037 1036
1037 1038
1042 1041
3272 3273
3273 3274
701 700
1073 1074
1073 1075
1073 1072
1074 1065
1345 1340
1345 1344
138 137
338 343
906 907
906 905
907 902
204 205
205 206
1364 1365
1365 1366
2252 2253
2253 2254
504 505
504 502
504 509
505 506
1336 1337
1336 1341
2553 2554
2553 2562
608 617
608 609
617 616
2000 2009
2000 1999
2009 2008
2009 2010
314 315
314 313
314 309
315 316
2362 2363
2362 2361
2363 2368
2363 2364
213 218
213 212
1065 1066
1066 1072
1833 1834
1834 1835
35 36
35 34
36 37
987 988
987 986
988 989
988 979
1819 1820
2261 2262
3029 3028
449 451
449 450
174 175
301 302
301 296
301 300
302 303
770 769
770 771
862 863
862 861
2901 2902
2901 2900
496 497
496 502
3345 3340
1196 1199
2448 2454
2448 2447
1318 1319
1318 1323
1319 1320
3366 3367
3366 3358
3366 3365
387 388
387 386
388 392
2435 2434
3229 3224
488 489
488 487
489 490
2711 2710
696 698
696 697
696 694
2936 2938
2936 2937
298 299
298 297
298 304
299 300
1014 1013
2482 2483
2483 2484
656 657
657 652
675 680
675 676
1157 1158
2060 2065
2060 2059
2060 2061
2065 2064
3 9
3 4
1606 1607
1606 1605
1607 1608
1678 1679
1679 1680
3266 3265
392 393
373 374
373 378
374 375
1540 1541
1540 1557
1541 1542
1759 1764
1759 1760
1759 1758
414 415
415 416
415 398
2462 2463
2463 2464
1178 1180
1178 1179
128 133
2202 2203
2202 2201
3047 3053
3047 3048
3047 3046
3053 3055
3053 3054
1387 1386
1684 1685
2412 2422
75 76
75 74
2467 2468
2467 2466
998 996
1510 1509
1883 1877
746 745
2034 2036
2034 2035
2034 2033
2395 2396
2395 2397
3034 3039
3034 3035
3039 3040
3039 3038
3358 3357
3358 3359
348 349
349 350
1091 1092
1091 1093
1091 1084
393 395
393 394
1622 1623
1623 1614
1666 1668
1666 1667
1666 1664
192 183
464 465
688 693
357 358
357 356
358 367
358 359
709 711
709 710
532 531
950 955
955 954
3237 3238
3237 3239
407 408
407 406
408 409
506 513
506 507
513 515
513 514
2835 2840
2835 2834
317 319
317 318
317 311
2396 2391
2468 2470
2468 2469
3261 3252
350 351
1697 1698
2397 2398
1975 1984
1984 1983
638 639
399 400
399 398
400 401
2736 2737
2736 2743
459 460
460 469
460 461
1108 1099
1108 1109
3155 3156
3156 3147
1313 1315
1313 1312
1313 1314
1315 1316
1315 1317
1434 1435
1435 1436
726 728
726 727
726 725
771 772
1283 1278
2124 2126
2124 2123
2124 2125
2126 2128
2126 2127
2811 2820
3323 3324
3323 3322
3324 3333
3324 3325
922 923
1532 1536
1532 1531
1532 1533
1137 1138
1137 1136
1138 1139
3185 3184
310 311
310 309
311 312
954 953
2281 2280
508 509
508 507
2368 2369
2368 2367
1478 1484
1478 1477
3014 3015
3014 3019
254 256
254 255
254 246
1414 1416
1414 1415
21 20
423 428
423 424
917 918
1476 1477
1476 1471
2025 2026
2025 2027
2501 2506
2777 2786
2777 2778
2777 2776
585 586
1012 1013
2028 2033
2028 2029
3060 3061
2304 2308
2304 2303
2304 2305
2308 2310
2308 2309
1114 1115
825 824
825 826
1785 1787
1785 1786
2320 2325
2320 2313
2320 2321
2832 2842
2832 2833
2832 2831
2842 2844
2842 2843
471 472
842 843
842 841
843 844
1302 1303
1302 1307
1303 1304
1492 1493
1493 1501
1493 1494
1798 1799
2746 2745
2369 2371
2369 2370
286 288
286 287
286 282
3146 3147
3146 3145
1051 1052
1051 1050
995 996
995 994
996 997
344 346
344 345
1565 1566
2989 2994
1039 1040
1039 1030
1039 1038
1040 1041
1982 1981
1982 1983
2110 2115
2110 2111
2115 2114
409 410
2710 2712
2712 2714
2712 2713
1788 1797
1788 1789
2677 2678
2456 2469
50 51
51 52
1707 1694
2098 2099
2099 2100
401 416
401 402
616 615
244 245
244 243
245 246
2301 2300
2301 2302
2617 2620
2617 2618
2617 2616
2620 2622
2620 2621
3340 3338
2374 2375
2375 2378
2375 2376
1501 1502
2447 2455
3160 3159
1816 1818
1816 1817
1306 1308
1306 1305
1306 1307
1308 1309
2588 2590
2588 2589
2588 2584
1881 1868
1262 1263
1262 1267
2030 2031
2030 2029
2031 2037
2031 2032
296 294
296 297
2780 2781
2780 2779
2781 2782
3172 3173
3173 3174
831 830
1033 1038
2056 2057
2056 2055
2056 2061
2057 2058
1473 1472
10 11
10 9
11 12
1366 1367
1367 1368
2250 2249
1760 1761
1888 1889
1888 1887
1889 1890
2322 2321
1305 1304
1309 1314
1932 1933
1932 1937
1933 1934
1217 1219
1217 1218
1961 1960
2133 2134
2971 2970
1057 1056
545 550
3037 3038
3037 3036
3174 3176
3174 3175
351 352
261 260
695 694
761 762
762 763
889 890
889 888
890 895
979 978
211 212
211 210
212 222
1203 1212
3115 3116
1049 1054
1049 1050
2722 2723
2722 2731
2723 2724
2040 2042
2040 2041
2538 2539
1230 1231
1230 1229
1231 1232
1998 1999
1998 1997
2114 2113
3087 3088
745 744
873 874
1385 1386
1385 1390
3349 3350
3349 3348
693 694
313 312
1733 1732
1278 1279
1278 1277
1555 1556
1556 1557
1556 1543
2082 2087
2082 2083
2087 2086
2010 2011
2522 2523
502 503
2037 2039
2037 2038
1736 1737
1737 1738
1741 1742
1741 1740
1741 1732
1742 1743
2353 2354
2353 2352
2353 2355
1418 1417
1094 1096
1094 1095
857 858
857 856
858 860
858 859
2778 2779
1740 1745
1740 1739
3365 3360
3365 3364
2434 2433
2033 2032
2962 2975
2962 2963
2345 2346
2345 2336
2346 2334
283 284
283 285
283 282
1572 1573
89 91
89 90
3132 3133
3132 3131
3133 3134
737 732
865 866
1181 1182
1181 1183
1884 1886
1884 1885
1465 1470
1465 1466
1935 1944
1935 1936
1935 1934
1944 1946
1944 1945
1071 1072
2066 2068
2066 2059
2066 2067
2016 2018
2016 2017
2016 1997
744 743
962 968
962 963
1149 1148
1917 1918
1917 1916
1918 1919
2294 2295
2294 2300
2294 2293
2295 2296
304 306
304 305
1775 1776
3198 3199
629 630
629 628
630 631
2678 2679
1378 1384
1378 1377
62 63
62 67
3134 3143
326 327
564 579
564 563
579 580
579 581
2232 2233
2359 2360
2359 2349
3327 3328
3327 3326
3327 3322
3328 3330
3328 3329
3303 3304
3303 3305
805 804
1687 1686
1116 1115
1116 1124
1723 1724
1723 1721
1723 1725
2220 2222
2220 2221
2220 2206
1842 1843
705 706
705 703
706 707
1424 1429
1424 1423
1424 1425
1429 1430
1429 1428
2351 2352
2351 2350
613 614
613 612
614 615
1125 1126
1126 1127
2981 2982
1088 1090
1088 1089
309 308
2313 2312
162 157
482 484
482 483
482 481
3151 3152
3151 3153
1542 1543
2554 2555
2554 2549
307 308
307 316
1876 1877
1528 1529
534 535
3363 3364
8 13
8 7
8 9
13 12
3080 3081
2332 2333
2332 2341
2333 2334
3008 3011
3008 3007
3011 3012
3011 3013
2921 2922
959 964
964 965
964 963
1471 1472
2794 2792
3071 3070
440 441
684 685
1237 1238
6 7
6 4
2690 2691
2691 2693
490 492
490 491
1063 1068
1063 1062
1102 1101
1375 1376
2624 2625
2625 2626
731 732
1135 1136
1450 1452
1450 1451
2592 2593
3360 3359
1238 1239
1610 1611
1610 1608
1610 1615
1611 1612
76 77
76 98
77 78
2125 2120
132 133
3347 3348
1744 1743
1744 1745
2584 2585
186 187
2234 2235
2234 2233
2235 2240
855 861
855 856
855 854
1340 1341
1341 1342
2364 2365
2365 2366
908 910
908 909
320 321
1437 1436
3326 3325
1006 1008
1006 1007
1006 1002
1807 1809
1807 1806
3023 3024
3023 3025
3104 3105
3104 3120
2586 2585
2586 2587
2423 2432
1436 1441
1062 1061
2350 2349
660 665
660 661
660 659
3274 3265
2378 2379
769 768
3325 3331
631 632
2679 2680
1663 1664
1663 1662
1664 1665
1936 1937
1937 1938
2415 2416
2415 2418
2416 2417
1080 1081
2317 2319
2317 2318
1836 1835
158 159
158 157
2336 2337
222 224
222 223
1871 1872
1871 1870
2201 2200
159 160
768 767
3073 3074
3234 3236
3234 3235
2392 2391
2615 2616
1344 1353
1344 1342
2798 2799
2799 2801
3050 3052
3050 3051
3050 3049
784 786
784 785
989 990
989 991
234 233
1721 1722
1613 1614
1613 1612
1614 1615
2213 2212
662 661
1879 1870
397 398
1211 1212
1685 1686
1812 1813
1812 1811
2753 2755
2753 2752
2753 2754
832 834
832 833
243 242
2291 2296
2291 2292
1825 1826
1825 1839
1826 1827
2269 2270
2269 2271
2541 2545
1887 1900
2191 2190
3184 3183
555 556
555 557
795 809
804 803
1484 1486
1484 1485
2104 2106
2104 2105
2930 2917
1267 1268
2666 2667
2240 2239
526 535
3131 3125
3287 3296
3287 3288
965 966
965 967
1268 1270
1268 1269
366 367
366 365
366 371
367 368
2399 2401
2399 2400
758 760
758 759
2806 2807
561 562
562 563
1662 1669
1631 1630
824 823
2311 2316
2311 2312
3253 3252
2731 2732
92 94
92 93
92 83
156 157
635 636
635 637
1403 1404
1404 1405
3048 3049
385 386
2433 2432
888 897
897 898
823 830
2994 2995
775 776
775 777
2693 2695
2693 2694
2877 2878
3061 3062
2059 2058
2190 2189
420 422
420 421
1599 1600
1599 1601
2819 2820
2819 2818
2907 2908
2465 2471
2465 2466
2465 2464
2471 2470
1854 1855
1110 1111
1110 1109
1111 1113
1154 1156
1154 1155
1893 1894
2917 2918
376 375
2085 2097
2085 2086
2085 2084
1671 1676
1671 1672
676 677
1630 1649
95 96
95 97
95 78
368 369
369 370
563 582
1075 1076
1075 1077
2402 2407
2407 2408
1059 1061
260 269
360 361
360 359
361 356
499 500
499 501
1791 1792
1792 1793
2303 2302
3331 3332
898 899
1799 1800
2508 2510
2508 2509
1031 1030
1800 1802
1800 1801
2112 2113
2112 2119
2112 2111
2212 2214
2214 2216
2214 2215
1647 1648
1647 1650
1992 1991
2505 2506
1868 1869
1869 1870
1738 1739
2883 2884
2883 2885
1726 1728
1726 1727
27 28
27 29
2339 2342
2339 2338
2049 2050
2167 2182
1780 1781
2834 2841
2834 2833
3027 3028
2914 2916
2914 2915
370 372
370 371
2418 2420
2418 2419
1296 1298
1296 1297
2752 2751
180 182
180 181
1851 1850
1376 1377
1983 1978
2495 2496
2495 2497
53 52
53 58
750 751
1648 1649
1050 1053
2701 2700
2388 2390
2388 2389
241 242
2337 2338
2342 2344
2342 2343
1594 1602
2618 2619
1843 1844
1498 1499
3035 3036
3062 3064
3062 3063
1772 1774
1772 1773
1981 1980
2429 2438
2429 2428
2438 2437
582 584
582 583
1713 1722
1713 1714
1243 1248
725 724
252 253
2176 2178
2176 2177
2532 2534
2532 2533
2727 2718
1850 1855
98 100
98 99
2179 2180
2179 2173
2179 2181
2942 2943
905 904
1603 1602
2513 2521
30 31
30 39
2182 2184
2182 2183
1220 1225
140 141
269 270
2188 2189
3159 3158
2820 2821
365 359
2464 2472
2788 2790
2788 2789
2535 2536
2535 2537
2728 2730
2728 2729
2863 2864
3333 3332
2366 2367
2718 2719
2846 2847
2846 2845
116 115
2377 2376
1757 1758
113 114
1459 1460
1459 1461
2442 2444
2442 2443
1343 1342
1905 1904
3252 3251
3120 3122
3120 3121
2292 2293
2792 2793
2792 2791
1903 1904
2083 2084
1405 1406
1406 1407
1673 1672
2054 2055
67 68
1979 1980
1979 1978
2821 2822
2878 2879
1839 1840
1839 1841
114 115
1279 1280
1286 1287
2776 2775
3007 3006
